0.45
0.48
0.47
0.54
0.44
0.48
0.47
0.37
0.45
0.49
0.47
0.54
0.67
1.08
0.43
0.95
2.59
0.84
-0.01
0.33
0.87
1.00
1.02
0.93
0.99
0.92
1.00
0.98
0.99
1.05
0.89
1.01
1.10
0.96
-9.54
-0.23
1.93
0.16
0.28
0.80
0.62
0.73
0.96
0.83
0.82
0.66
0.76
0.74
0.75
0.85
0.80
0.73
0.85
0.82
0.73
0.81
0.78
0.74
7.90
-3.66
-0.99
2.05
0.90
0.06
0.80
0.09
0.33
0.54
0.92
0.77
0.82
0.74
0.86
0.96
0.83
0.90
0.96
0.99
0.91
0.87
0.86
0.84
0.62
17.43
-5.28
1.43
1.96
1.92
1.65
1.27
1.44
1.40
1.58
1.86
1.63
1.81
1.81
1.73
1.59
1.58
1.65
1.69
1.55
1.55
1.53
1.46
1.81
-11.40
-0.64
2.38
2.50
1.22
0.98
1.04
1.23
1.20
1.18
1.36
1.52
1.16
1.25
1.42
1.32
1.32
1.13
1.30
1.29
1.29
1.11
1.24
1.19
1.44
17.31
-13.95
1.71
2.61
1.54
1.26
1.13
1.24
1.29
1.34
1.20
1.38
1.32
1.33
1.34
1.33
1.33
1.37
1.37
1.45
1.42
1.40
1.14
1.14
1.06
18.18
-19.23
1.72
1.95
-1.54
0.83
-0.27
-1.43
0.34
-1.02
-1.99
2.04
-0.06
0.51
0.17
0.56
0.61
0.50
0.47
0.50
