0.49
0.57
0.60
0.52
0.55
0.56
0.53
0.55
0.50
1.07
0.64
0.03
-1.34
0.94
1.53
0.71
0.79
1.01
0.84
1.05
0.96
0.78
1.05
1.01
1.06
1.15
1.08
1.07
1.01
1.03
1.11
1.15
1.15
1.34
19.60
0.57
0.55
0.19
0.50
0.95
1.15
0.89
0.56
0.48
0.65
1.27
1.09
1.35
1.16
0.96
0.93
1.12
1.45
1.41
1.15
1.21
1.17
1.37
19.60
6.20
1.93
0.52
1.54
1.62
1.92
1.76
1.76
1.21
1.80
1.62
2.31
1.86
1.71
1.79
1.63
2.24
2.12
1.91
1.65
1.88
1.79
1.79
-19.60
2.80
-0.53
3.48
1.73
1.93
1.53
1.82
1.99
1.91
1.66
1.85
1.56
1.75
1.98
1.93
2.00
1.81
1.47
1.50
1.81
2.08
2.09
2.04
2.07
-10.39
8.30
-6.04
2.16
2.32
2.12
1.42
1.72
2.14
2.13
1.87
2.06
1.93
2.38
2.14
1.94
1.91
1.91
2.07
2.39
1.94
2.07
2.01
2.41
2.43
19.60
1.15
2.39
2.36
2.15
1.77
2.02
1.72
2.32
2.24
2.14
1.96
1.93
1.80
1.94
2.40
2.09
2.03
2.19
2.23
1.98
1.99
2.29
2.14
2.21
-14.01
7.84
-3.22
1.87
2.01
1.86
2.07
1.47
1.62
2.16
2.02
2.25
1.90
1.65
1.79
2.03
2.21
2.07
2.09
2.06
1.96
1.75
1.91
2.03
2.01
1.75
1.96
1.84
1.49
2.48
0.56
0.66
0.54
0.67
0.57
0.46
0.64
0.52
0.48
0.61
0.57
0.64
0.57
0.51
0.60
0.51
0.55
