0.30
0.28
0.29
0.30
0.24
0.24
0.23
0.25
0.27
0.30
0.32
0.28
0.28
0.42
0.23
0.31
0.25
0.22
0.24
0.05
-0.27
-0.33
1.21
2.09
4.04
4.63
4.61
1.28
-5.43
-4.78
-1.00
0.91
0.85
0.83
0.51
0.62
0.71
0.74
0.71
0.49
0.54
0.55
0.49
0.54
0.44
0.57
0.49
0.47
0.53
0.52
0.68
0.32
-2.03
-8.49
-7.20
0.10
7.36
4.88
3.13
1.08
-0.46
-0.25
0.22
0.14
0.12
-0.06
0.10
0.06
0.08
0.04
-0.00
0.24
0.05
0.16
0.24
0.19
0.14
0.21
0.23
0.10
0.15
0.21
0.21
0.20
0.36
1.98
5.28
7.26
3.54
-3.09
-6.70
-4.29
-1.94
0.09
0.66
0.63
0.29
0.29
0.45
0.35
0.44
0.33
0.38
0.42
0.36
0.32
0.40
0.43
0.42
0.38
0.46
0.39
0.35
0.31
0.40
0.45
0.47
0.39
0.25
0.31
-0.20
-3.30
-7.16
-6.07
2.41
7.86
6.14
3.32
0.31
-0.29
0.00
0.31
0.42
0.40
0.22
0.23
0.18
0.35
0.15
0.19
0.17
0.46
0.29
0.20
0.28
0.33
0.32
0.42
0.39
0.43
0.38
0.32
0.38
0.82
3.24
6.80
6.57
2.67
-3.39
-6.89
-4.25
-1.52
0.58
0.88
0.48
0.37
0.44
0.56
0.42
0.58
0.44
0.42
0.40
0.41
0.43
0.49
0.44
0.35
0.41
0.42
0.44
0.39
0.41
0.48
0.48
0.47
0.38
0.45
0.54
0.37
0.35
0.38
0.35
0.47
0.41
0.26
0.41
-3.68
-7.40
-4.08
0.79
4.49
4.90
3.73
3.17
1.25
-0.12
0.01
0.03
0.30
0.06
0.05
0.09
0.16
0.13
0.20
0.17
0.16
0.30
0.15
0.20
0.19
0.34
0.32
0.32
0.47
2.17
6.32
5.80
-0.44
-4.88
-4.48
-1.77
0.24
0.18
0.10
0.28
0.29
0.33
-0.03
0.09
0.19
0.24
0.24
0.18
0.12
0.22
0.12
0.17
0.11
0.28
0.22
0.22
0.17
-0.07
-1.19
-5.15
-7.77
0.98
6.61
5.56
2.92
-0.22
-0.72
-0.27
0.21
0.17
-0.18
-0.17
-0.16
-0.06
-0.28
-0.14
-0.15
0.06
-0.06
-0.12
-0.02
-0.05
-0.02
-0.00
-0.04
-0.09
0.05
0.50
3.86
7.14
2.14
-4.06
-5.56
-2.73
-0.47
0.24
0.20
0.19
0.20
0.23
0.19
0.09
0.08
0.08
0.06
0.13
0.14
0.17
0.01
0.06
0.08
0.12
0.01
0.06
0.12
-0.05
0.08
-0.02
0.06
0.09
0.07
0.04
0.10
0.07
0.03
-0.02
0.08
0.12
-0.03
-2.24
-10.28
-2.90
5.29
6.81
3.90
0.80
-1.06
-0.91
0.05
0.12
0.06
-0.11
-0.05
-0.04
-0.05
-0.11
-0.20
-0.10
0.04
0.03
-0.12
-0.05
-0.12
0.10
0.07
-0.07
-0.01
0.06
0.15
-0.14
-0.28
-0.20
-0.02
0.03
0.04
-0.02
-0.02
0.04
-0.02
0.63
6.00
6.94
-0.71
-5.56
-5.98
-2.88
-0.54
0.17
-0.08
-0.24
-0.28
-0.16
-0.10
-0.21
-0.32
-0.14
-0.19
-0.15
-0.17
-0.14
-0.30
-0.28
-0.20
-0.20
-0.14
-0.44
-1.11
-5.16
-8.90
-0.35
5.12
5.51
3.49
1.59
-0.82
-0.71
-0.25
0.17
-0.14
-0.27
-0.20
-0.12
-0.18
-0.37
-0.55
-0.38
-0.21
-0.25
-0.29
-0.26
-0.16
-0.12
0.31
1.98
7.28
6.01
-1.68
-5.95
-5.98
-3.23
-0.32
0.23
0.06
0.09
-0.73
0.65
1.28
0.19
0.74
0.19
0.75
0.65
-0.08
0.15
0.08
0.06
0.05
0.03
0.02
0.05
0.03
0.05
0.10
0.04
-0.00
0.07
-0.00
-0.03
0.09
0.08
0.07
0.08
0.06
-0.02
0.04
0.07
0.06
-0.02
0.11
0.07
0.09
0.07
0.06
0.09
0.06
0.04
0.12
0.08
-0.03
0.02
0.07
0.08
0.09
0.07
0.03
0.10
0.06
0.07
0.05
0.04
0.12
0.08
0.04
0.15
0.03
0.03
0.03
0.10
0.13
0.04
0.13
0.08
0.08
0.09
0.08
0.10
0.07
0.07
0.09
0.08
0.12
0.11
