-0.22
-0.21
-0.24
-0.28
-0.21
-0.19
-0.18
-0.24
-0.83
0.87
-0.99
1.04
-0.03
-1.09
-0.85
-0.02
-0.42
-0.32
-0.39
-0.28
-0.30
-0.28
-0.19
-0.19
-0.13
-0.38
-0.40
-0.35
-0.39
-0.37
19.60
-1.81
-0.18
0.66
0.10
-0.05
-0.07
-0.31
-0.29
-0.23
-0.35
-0.41
-0.33
-0.42
-0.37
-0.35
-0.49
-0.40
-0.56
-0.48
-0.50
-0.45
-0.51
-0.52
8.09
-14.62
-0.51
0.13
0.20
0.15
-0.43
-0.32
-0.58
-0.41
-0.39
-0.53
-0.43
-0.39
-0.46
-0.28
-0.39
-0.41
-0.33
-0.35
-0.48
-0.44
-0.26
-0.33
-0.48
9.43
-10.39
1.19
0.98
0.16
-0.36
-0.33
-0.32
-0.42
-0.49
-0.40
-0.47
-0.62
0.06
-0.20
-0.28
-0.36
-0.48
-0.30
-0.22
-0.41
14.62
2.31
-0.50
-0.18
-0.34
-0.24
0.10
-0.36
-0.39
-0.64
-0.46
-0.49
-0.54
-0.47
-0.65
-0.37
-0.63
-0.47
-0.61
-0.76
-0.74
-0.70
-0.80
-0.79
-0.80
-0.83
-0.67
-0.78
-0.91
-19.60
0.29
-1.41
-1.25
-0.40
-0.68
-0.89
-0.85
-0.90
-0.85
-0.97
-0.84
-0.87
-0.89
-0.72
-1.12
-1.02
-1.27
-0.80
-0.71
-0.45
-0.81
-0.60
-0.77
-0.90
-1.40
11.35
1.20
-0.25
-0.65
-0.88
-0.56
0.06
-2.00
-0.08
-0.34
-0.22
-0.22
-0.19
-0.29
-0.26
-0.22
-0.19
-0.18
-0.17
-0.23
-0.26
-0.23
-0.21
-0.25
1.08
1.18
1.15
1.16
1.16
1.04
1.23
1.09
1.17
0.91
1.12
0.99
1.09
1.01
1.06
0.96
1.02
1.04
1.02
0.82
0.87
-0.21
1.66
2.52
-3.11
-0.39
0.02
0.03
-0.13
-0.22
-0.71
-0.45
-0.04
0.38
0.21
0.37
-0.07
0.18
1.99
-5.14
-0.06
-0.07
-0.64
-0.32
-0.36
-0.17
-0.43
-0.14
-0.26
0.41
-0.14
0.29
6.50
-5.96
0.22
-0.66
-6.71
2.43
-0.28
6.57
-8.77
0.12
-0.89
-9.50
5.92
-0.93
-0.15
6.54
-8.42
-1.42
1.89
2.89
3.34
-5.49
-10.99
4.96
6.63
-6.94
-0.04
5.92
-5.11
-2.96
7.08
-1.07
5.56
-7.50
-1.78
-2.63
3.24
4.62
-7.74
-1.51
-1.63
2.88
-0.40
-0.80
2.06
-4.74
-0.12
-3.95
0.85
0.62
-0.67
2.33
-2.66
-1.61
-0.40
-3.94
3.20
-1.00
-0.33
-0.31
0.24
-0.41
-2.99
-4.73
6.62
2.31
-1.63
-3.67
0.72
-0.43
-5.42
1.67
-1.17
-3.03
2.83
-2.00
6.30
-8.92
-7.29
4.16
4.58
-9.21
-0.78
0.90
1.77
1.26
0.77
1.26
2.08
1.67
2.24
1.77
1.60
1.58
1.52
1.54
1.88
1.85
1.74
0.96
0.83
0.93
0.97
1.00
0.68
0.71
0.84
0.56
1.20
0.51
0.49
0.46
0.96
0.41
0.64
0.71
0.81
0.71
0.67
0.64
0.62
0.62
0.65
