10.05
7.72
9.93
10.14
10.02
8.68
9.10
8.82
9.58
9.79
10.24
10.14
10.00
9.42
9.98
9.66
10.05
10.03
10.15
9.94
10.02
10.08
10.04
9.92
10.07
10.09
10.13
10.27
10.02
10.09
10.11
10.08
10.05
10.14
10.18
10.11
9.90
10.74
-1.50
7.97
8.60
10.35
10.20
10.03
10.30
10.43
10.14
10.13
10.08
10.23
10.18
10.05
10.07
10.01
9.78
10.22
10.03
10.04
10.17
9.99
9.94
10.58
-19.60
6.93
9.98
9.71
9.50
9.88
9.96
9.80
9.78
9.89
10.26
9.96
9.81
9.98
9.89
10.19
10.21
10.00
10.02
10.17
9.88
9.90
9.94
10.15
9.95
9.94
19.60
9.28
9.80
9.48
9.58
10.44
10.21
9.92
9.98
9.96
9.92
9.95
9.90
9.96
10.01
9.98
10.28
9.91
10.27
9.33
10.06
10.00
10.00
11.03
19.60
10.06
10.37
9.81
9.25
9.98
10.19
9.78
10.15
10.00
9.91
10.07
10.19
9.89
9.96
10.15
9.95
9.92
10.17
10.13
9.98
10.02
10.16
9.84
10.26
-17.16
10.33
9.86
10.10
9.49
9.70
9.84
10.27
10.08
10.06
9.87
9.87
9.85
10.31
10.33
10.20
10.06
9.82
10.22
9.96
9.88
9.76
9.88
10.26
15.88
-19.60
4.25
11.67
9.08
9.45
9.65
10.32
10.53
9.76
9.83
9.59
8.15
10.67
9.96
19.60
9.22
10.60
8.69
10.60
10.07
10.03
10.03
10.05
10.01
10.08
10.06
10.05
10.03
10.03
