492.00
648.00
1476.00
1188.00
1424.00
172.00
-36.00
-316.00
-604.00
1256.00
-476.00
80.00
-332.00
-884.00
-492.00
-464.00
-172.00
-476.00
-184.00
-524.00
36.00
-432.00
-284.00
-256.00
84.00
-692.00
-32.00
692.00
1948.00
4616.00
8160.00
10824.00
15920.00
15860.00
17012.00
17512.00
16668.00
17244.00
16824.00
17492.00
16848.00
17760.00
17092.00
17724.00
16884.00
16884.00
16704.00
16528.00
16672.00
16828.00
17200.00
17200.00
17488.00
17088.00
17296.00
16788.00
17048.00
16724.00
17040.00
16804.00
17148.00
17180.00
17148.00
17144.00
17212.00
16960.00
17092.00
17560.00
17444.00
17212.00
15220.00
13192.00
10220.00
7756.00
5908.00
3648.00
2940.00
1672.00
1116.00
1672.00
1916.00
1932.00
2176.00
1788.00
1992.00
1540.00
1968.00
1384.00
1420.00
1156.00
1376.00
1100.00
1288.00
628.00
280.00
-1496.00
-2864.00
-5460.00
-8436.00
-9524.00
-12056.00
-15188.00
-15988.00
-15360.00
-16468.00
-16296.00
-16056.00
-15996.00
-16396.00
-14944.00
-16008.00
-15468.00
-15960.00
-15588.00
-15928.00
-15548.00
-16016.00
-15336.00
-15976.00
-15300.00
-15716.00
-15624.00
-15776.00
-15936.00
-15740.00
-15876.00
-15788.00
-15820.00
-15644.00
-15644.00
-15808.00
-15764.00
-15740.00
-15724.00
-15476.00
-15416.00
-16044.00
-16452.00
-17060.00
-16016.00
-13572.00
-11052.00
-8832.00
-5600.00
-2040.00
-384.00
-312.00
356.00
148.00
248.00
-92.00
-1204.00
-1160.00
-264.00
100.00
-92.00
-676.00
428.00
-908.00
-448.00
-1156.00
-440.00
648.00
716.00
324.00
280.00
1912.00
3900.00
7292.00
10268.00
12732.00
14932.00
16224.00
18004.00
17132.00
17568.00
19056.00
16256.00
12672.00
5260.00
6148.00
3328.00
1800.00
2028.00
952.00
1232.00
1260.00
996.00
1784.00
892.00
952.00
920.00
668.00
948.00
1032.00
856.00
760.00
764.00
896.00
1136.00
764.00
1316.00
536.00
-1096.00
-4724.00
-8656.00
-10660.00
-14208.00
-15416.00
-18652.00
-17856.00
-15980.00
-14964.00
-15820.00
-16388.00
-15448.00
-9872.00
-9276.00
-4872.00
-1664.00
1824.00
7452.00
2484.00
2512.00
544.00
36.00
32.00
-692.00
736.00
100.00
672.00
932.00
276.00
480.00
676.00
992.00
380.00
852.00
80.00
904.00
764.00
2200.00
4216.00
6420.00
9540.00
13972.00
15756.00
16508.00
17588.00
20600.00
18888.00
17232.00
12308.00
8468.00
4028.00
-348.00
-1248.00
-5548.00
-4296.00
-5856.00
-3228.00
-1784.00
1684.00
6648.00
13888.00
17900.00
19416.00
15496.00
16844.00
17856.00
18652.00
19100.00
13544.00
9396.00
4512.00
884.00
-3432.00
-2664.00
-3164.00
-2588.00
-2996.00
-1660.00
-1528.00
-1932.00
-1896.00
-2064.00
-2340.00
-1968.00
-1932.00
-1728.00
-1592.00
-1552.00
-1584.00
-1540.00
-1840.00
-1948.00
-2044.00
-1912.00
-2012.00
-1996.00
-2096.00
-1916.00
-1936.00
-2620.00
-3556.00
-5212.00
-5484.00
-9432.00
-10000.00
-11784.00
-12108.00
-17060.00
-16892.00
-16720.00
-16480.00
-15496.00
-15840.00
-17212.00
-13848.00
-12912.00
-10636.00
-7588.00
-3380.00
2268.00
4788.00
8080.00
8144.00
7208.00
6988.00
5096.00
5188.00
4108.00
948.00
-3388.00
-8240.00
-12084.00
-14060.00
-18760.00
-14988.00
-15824.00
-14916.00
-14324.00
-15212.00
-15096.00
-17504.00
-16984.00
-15668.00
-14128.00
-9740.00
-7284.00
-1340.00
1568.00
5228.00
4220.00
3792.00
868.00
-172.00
-1260.00
-1264.00
-1388.00
-528.00
-812.00
24.00
-296.00
-188.00
-644.00
-744.00
-776.00
-208.00
-384.00
236.00
768.00
1552.00
3196.00
4700.00
8800.00
10580.00
12900.00
14840.00
15632.00
16504.00
16608.00
16916.00
16272.00
16776.00
16724.00
17476.00
16948.00
17400.00
17412.00
17328.00
17176.00
16960.00
16832.00
16960.00
17060.00
17016.00
17124.00
17116.00
17136.00
17008.00
16996.00
17172.00
16832.00
16932.00
17116.00
17036.00
17228.00
16980.00
17292.00
17212.00
17136.00
16996.00
16852.00
17004.00
17172.00
17188.00
17568.00
17276.00
17336.00
15708.00
14448.00
11464.00
8204.00
7148.00
3824.00
4168.00
1184.00
1276.00
1128.00
1048.00
1236.00
1424.00
1196.00
1188.00
712.00
1032.00
512.00
664.00
224.00
96.00
-144.00
-472.00
-3044.00
-4124.00
-6800.00
-7532.00
-10652.00
-11776.00
-14452.00
-14344.00
-17256.00
-15656.00
-15568.00
-15848.00
-15316.00
-15876.00
-14988.00
-15688.00
-15616.00
-16040.00
-16012.00
-15800.00
-16012.00
-15580.00
-15580.00
-15348.00
-15708.00
-15816.00
-15836.00
-15592.00
-15988.00
-15892.00
-15716.00
-15696.00
-15524.00
-15824.00
-15472.00
-15372.00
-15216.00
-14828.00
-12472.00
-10512.00
-8772.00
-6396.00
-4324.00
-1448.00
1204.00
3024.00
3720.00
4220.00
2724.00
2728.00
1984.00
1876.00
1720.00
1660.00
1544.00
1560.00
1716.00
